--------------------------------------------------------------------------------
 Language             Files        Lines        Blank      Comment         Code
--------------------------------------------------------------------------------
 JavaScript              59        29793         4912         4302        20579
 JSON                    13        16340            3            0        16337
 CSS                     64         9785          645          702         8438
 Plain Text              18         3476          527            0         2949
 Markdown                26         2587          829            0         1758
 HTML                    12         1716          411           22         1283
 Sass                    15          880          131            3          746
 Bourne Shell            22          576           58           28          490
 YAML                     6          372           84           22          266
 XML                      2          237           24            0          213
 ASP.NET                  4           63            0            0           63
--------------------------------------------------------------------------------
 Total                  241        65825         7624         5079        53122
--------------------------------------------------------------------------------
