--------------------------------------------------------------------------------
 Language             Files        Lines        Blank      Comment         Code
--------------------------------------------------------------------------------
 JavaScript              59        29898         4915         4301        20682
 CSS                     60         8186          443          380         7363
 JSON                    15         7303            2            0         7301
 Plain Text              17         3110          527            0         2583
 HTML                     3         1673           66            2         1605
 Markdown                22         1237          231            0         1006
 Sass                    15          880          131            3          746
 Bourne Shell            11          392           27           17          348
 YAML                     5          349           78           17          254
 ASP.NET                  4           47            0            0           47
--------------------------------------------------------------------------------
 Total                  211        53075         6420         4720        41935
--------------------------------------------------------------------------------
